12
Karachi
Jacobabad
Quetta
Thatta
Sargodha
Shorkot
Peshawar
Mianwali
Rawalpindi
Risalpur
Islamabad
Lahore
0       141     167     234     0       0       0       0       0       0       0       0
200     0       0       0       269     224     0       0       0       0       0       0
178     0       0       0       258     0       0       0       0       0       0       0
262     0       0       0       164     0       205     0       0       0       0       0
0       245     181     127     0       261     191     0       0       0       0       0
0       295     0       0       242     0       0       127     136     0       0       0
0       0       0       291     104     0       0       202     0       0       253     0
0       0       0       0       0       192     282     0       121     216     218     0
0       0       0       0       0       195     0       147     0       0       0       226
0       0       0       0       0       0       0       271     0       0       0       238
0       0       0       0       0       0       169     212     0       0       0       167
0       0       0       0       0       0       0       0       199     135     194     0
0       0       0       0       0       0       0       0       1       1       1       0